person(xloc,yloc,rescuetime)
25,293,159
25,116,167
12,290,140
117,87,73
18,301,168
96,232,82
105,82,153
57,312,80
99,80,144
64,117,97
53,209,135
96,230,141
76,203,94
103,75,87
56,120,99
29,103,97
22,115,147
58,116,136
90,85,134
62,215,72
59,209,130
124,84,166
12,299,163
32,299,153
21,308,128
100,81,92
109,78,85
133,232,106
52,201,72
126,230,101
33,106,144
25,311,124
83,203,76
50,300,107
104,240,81
116,89,118
50,212,141
45,117,104
120,230,134
52,120,78
102,232,141
136,239,107
10,297,104
96,88,159
4,292,76
45,116,108
52,106,116
46,121,108
50,209,142
70,202,118
18,301,89
12,303,144
100,83,134
48,298,141
55,209,119
53,110,91
23,308,109
5,288,163
31,110,102
127,230,133
17,311,97
71,214,146
95,89,110
56,303,138
102,82,74
44,112,141
103,238,167
18,306,91
80,206,105
36,118,148
29,118,75
80,86,157
1,298,98
142,235,102
19,305,124
113,228,110
19,306,80
18,294,112
142,230,138
101,233,169
82,84,96
44,298,127
33,311,132
84,203,149
49,298,90
89,82,138
35,286,96
19,296,103
51,113,137
76,214,132
25,112,145
44,295,114
25,287,147
100,87,120
28,298,130
79,215,147
9,289,124
123,239,87
18,299,109
91,202,163
131,229,118
23,291,168
48,299,146
35,316,74
8,310,143
61,222,113
62,217,101
38,300,73
19,129,113
122,90,155
84,85,82
104,84,114
26,118,155
51,204,121
82,210,149
95,231,163
36,129,145
21,289,162
109,78,104
92,90,123
50,303,160
20,316,156
29,132,122
105,90,161
36,286,133
96,208,166
21,310,154
143,237,111
13,309,127
19,318,164
99,210,165
130,234,71
81,89,118
25,288,83
55,211,120
30,125,134
19,110,91
8,319,78
21,114,74
135,246,134
54,117,115
129,76,85
110,89,140
117,246,126
125,250,111
29,318,79
66,122,134
90,99,131
52,115,121
119,92,147
23,121,163
64,208,81
58,119,90
21,120,130
13,298,127
60,222,87
16,294,139
17,133,135
62,223,165
100,89,142
67,220,100
75,218,118
82,77,138
52,131,95
92,76,124
30,106,139
13,292,73
54,118,104
50,297,102
26,300,161
143,248,145
129,247,97
75,207,160
49,305,150
45,321,137
2,306,168
34,117,96
66,114,164
27,290,122
98,202,74
114,98,110
50,302,132
48,304,82
45,318,125
26,308,91
9,300,154
8,317,165
79,224,151
92,217,153
48,132,99
139,234,75
25,286,106
88,81,118
76,204,85
44,109,132
134,249,153
2,309,128
95,249,110
30,120,138
67,121,103
8,313,80
35,306,156
98,248,102
9,303,148
57,322,93
99,228,121
104,238,88
28,103,72
43,290,104
34,312,163
32,112,126
8,317,98
50,132,84
69,125,89
40,116,149
28,300,151
99,92,108
31,123,126
51,111,140
140,245,73
55,219,147
41,126,100
113,93,114
47,120,119
19,122,92
122,227,169
25,306,167
24,128,138
88,220,143
45,314,91
80,203,84
21,297,161
45,308,107
50,307,162
48,113,149
23,110,164
125,94,160
25,103,129
100,231,155
32,314,78
63,117,150
40,290,128
23,127,84
34,111,71
56,217,109
14,319,162
69,104,149
56,109,80
12,307,103
117,238,113
54,223,125
124,239,94
95,91,149
52,307,72
25,118,86
107,92,107
72,225,79
120,78,75
82,84,86
81,87,162
21,289,93
59,219,155
104,92,73
45,300,123
51,120,129
49,320,71
58,222,81
49,106,117
30,310,143
30,309,111
91,211,153
87,224,115
40,115,89
115,244,167
87,207,155
121,250,141
28,289,71
50,204,154
33,302,76
113,81,122
79,220,167
60,115,107
40,321,95
8,300,93
93,86,162
18,292,99
19,109,87
40,131,157
10,286,107
17,301,143
20,117,71
51,112,138
85,82,152
32,308,130
31,132,71
53,129,74
56,319,161
104,244,106
29,291,94
114,244,152


hospital(numambulance)
11
7
10
3
7
